31,2
31,0
48,3
48,2
48,1
48,0
25,2
25,0
47,3
47,2
47,1
47,0
0,278
26,2
26,0
46,3
46,2
0,9
46,1
46,0
31,1
31,3
45,52
45,51
45,50
45,49
45,48
45,47
45,46
45,45
45,44
45,43
45,42
45,41
45,40
45,39
45,38
45,37
45,36
45,35
10,297
10,312
10,200
10,4
10,182
10,289
10,233
10,131
11,30
11,7
11,12
11,27
8,16
8,4
8,6
26,3
26,1
25,3
25,1
20,3
20,2
20,1
19,3
19,2
19,1
12,3
12,2
12,1
11,29
11,20
11,19
11,17
11,16
11,15
11,11
11,6
11,3
11,2
11,1
10,280
10,277
10,264
10,226
10,221
10,199
10,161
10,129
10,127
10,113
10,100
18,1
10,80
18,3
10,72
10,17
10,3
10,2
14,1
10,1
